%% 一至三列：消光系数（355,532,1064 nm），四至六列：后向散射系数，七至九列：激光雷达比
3.663770e-05 4.233752e-05 2.243159e-05 2.137287e-06 1.054649e-06 4.480554e-07 1.714215e+01 4.014369e+01 5.006432e+01
3.334734e-05 3.848201e-05 2.056964e-05 1.929603e-06 9.581682e-07 4.174392e-07 1.728197e+01 4.016206e+01 4.927578e+01
2.651093e-05 3.062324e-05 1.626967e-05 1.544191e-06 7.645408e-07 3.279401e-07 1.716817e+01 4.005442e+01 4.961170e+01
1.372812e-05 1.588090e-05 8.360282e-06 8.072388e-07 3.977399e-07 1.665223e-07 1.700627e+01 3.992785e+01 5.020517e+01
4.048900e-06 4.680355e-06 2.475468e-06 2.369825e-07 1.170834e-07 4.964720e-08 1.708523e+01 3.997454e+01 4.986118e+01
1.630340e-06 1.884626e-06 9.964934e-07 9.535632e-08 4.703666e-08 1.989317e-08 1.709735e+01 4.006718e+01 5.009225e+01
6.584759e-08 7.654207e-08 3.904088e-08 3.979555e-09 1.918078e-09 7.305053e-10 1.654647e+01 3.990561e+01 5.344367e+01
1.470403e-08 1.709936e-08 8.694125e-09 8.897157e-10 4.269835e-10 1.604707e-10 1.652666e+01 4.004690e+01 5.417890e+01
7.568976e-09 8.803191e-09 4.472580e-09 4.585670e-10 2.201644e-10 8.267206e-11 1.650572e+01 3.998463e+01 5.410026e+01
1.766770e-09 2.057353e-09 1.036715e-09 1.077229e-10 5.139669e-11 1.878156e-11 1.640107e+01 4.002890e+01 5.519859e+01
2.864913e-08 3.314291e-08 1.743746e-08 1.682864e-09 8.269921e-10 3.446514e-10 1.702403e+01 4.007645e+01 5.059449e+01
1.139859e-07 1.320176e-07 6.895648e-08 6.745537e-09 3.302643e-09 1.349971e-09 1.689798e+01 3.997333e+01 5.107997e+01
1.893742e-08 2.198680e-08 1.130344e-08 1.136778e-09 5.508302e-10 2.149031e-10 1.665886e+01 3.991575e+01 5.259783e+01
7.235608e-09 8.435741e-09 4.218750e-09 4.447781e-10 2.117531e-10 7.589545e-11 1.626790e+01 3.983763e+01 5.558633e+01
6.693798e-09 7.797965e-09 3.922369e-09 4.103599e-10 1.967083e-10 7.218563e-11 1.631202e+01 3.964227e+01 5.433726e+01
2.663387e-09 3.098645e-09 1.573498e-09 1.624582e-10 7.870006e-11 2.994626e-11 1.639429e+01 3.937284e+01 5.254406e+01
6.239419e-09 7.257793e-09 3.690221e-09 3.803240e-10 1.845010e-10 7.053789e-11 1.640554e+01 3.933743e+01 5.231544e+01
3.652516e-09 4.247730e-09 2.163152e-09 2.224434e-10 1.080932e-10 4.156341e-11 1.641998e+01 3.929691e+01 5.204463e+01
2.698435e-09 3.136918e-09 1.602023e-09 1.640759e-10 7.997497e-11 3.106930e-11 1.644626e+01 3.922375e+01 5.156288e+01
1.711310e-09 1.983788e-09 1.033462e-09 1.028812e-10 5.124183e-11 2.132481e-11 1.663384e+01 3.871424e+01 4.846288e+01
1.726071e-09 1.999420e-09 1.046997e-09 1.034585e-10 5.182204e-11 2.193728e-11 1.668371e+01 3.858242e+01 4.772685e+01
1.727545e-09 1.998762e-09 1.055272e-09 1.030514e-10 5.208702e-11 2.264045e-11 1.676392e+01 3.837351e+01 4.661004e+01
1.767325e-09 2.043306e-09 1.084194e-09 1.051140e-10 5.342465e-11 2.359041e-11 1.681340e+01 3.824650e+01 4.595909e+01
1.649899e-09 1.906768e-09 1.014574e-09 9.796774e-11 4.994725e-11 2.224712e-11 1.684125e+01 3.817564e+01 4.560473e+01
1.185808e-09 1.368876e-09 7.340193e-10 7.008675e-11 3.604229e-11 1.643720e-11 1.691914e+01 3.797972e+01 4.465598e+01
