%% 一至三列：消光系数（355,532,1064 nm），四至六列：后向散射系数，七至九列：激光雷达比
2.586408e-08 2.695279e-08 2.514433e-08 1.411665e-09 1.255297e-09 1.109284e-09 1.832168e+01 2.147126e+01 2.266716e+01
2.969390e-08 3.094332e-08 2.886836e-08 1.619981e-09 1.440629e-09 1.273228e-09 1.832978e+01 2.147904e+01 2.267335e+01
2.366000e-08 2.465426e-08 2.300546e-08 1.290066e-09 1.147500e-09 1.014426e-09 1.834015e+01 2.148519e+01 2.267829e+01
1.303973e-08 1.358662e-08 1.268067e-08 7.094685e-10 6.312600e-10 5.584146e-10 1.837957e+01 2.152302e+01 2.270835e+01
1.267984e-08 1.320978e-08 1.233407e-08 6.876851e-10 6.122255e-10 5.421347e-10 1.843844e+01 2.157666e+01 2.275093e+01
2.128620e-08 2.217756e-08 2.070581e-08 1.159256e-09 1.031801e-09 9.127334e-10 1.836195e+01 2.149404e+01 2.268549e+01
8.039526e-09 8.368233e-09 7.840226e-09 4.330036e-10 3.870192e-10 3.440542e-10 1.856688e+01 2.162227e+01 2.278776e+01
5.585982e-09 5.803880e-09 5.462089e-09 2.844902e-10 2.562059e-10 2.315699e-10 1.963506e+01 2.265318e+01 2.358722e+01
1.128517e-08 1.176587e-08 1.095309e-08 6.161122e-10 5.466193e-10 4.823245e-10 1.831674e+01 2.152480e+01 2.270897e+01
4.689026e-09 4.888925e-09 4.550600e-09 2.560641e-10 2.271478e-10 2.004001e-10 1.831192e+01 2.152310e+01 2.270758e+01
6.939674e-08 7.227514e-08 6.759995e-08 3.785055e-09 3.375155e-09 2.988159e-09 1.833441e+01 2.141387e+01 2.262261e+01
1.453483e-07 1.514375e-07 1.413966e-07 7.932708e-09 7.060423e-09 6.242776e-09 1.832266e+01 2.144878e+01 2.264964e+01
1.097024e-07 1.142957e-07 1.067278e-07 5.986982e-09 5.329209e-09 4.712402e-09 1.832350e+01 2.144703e+01 2.264828e+01
1.278542e-07 1.332675e-07 1.242002e-07 6.982740e-09 6.202445e-09 5.476503e-09 1.831003e+01 2.148629e+01 2.267875e+01
1.204025e-07 1.255578e-07 1.167825e-07 6.580595e-09 5.832695e-09 5.142315e-09 1.829660e+01 2.152655e+01 2.271009e+01
3.022991e-08 3.154721e-08 2.924951e-08 1.654140e-09 1.461138e-09 1.285108e-09 1.827530e+01 2.159085e+01 2.276034e+01
5.340611e-08 5.576222e-08 5.158411e-08 2.924734e-09 2.577191e-09 2.262816e-09 1.826016e+01 2.163682e+01 2.279642e+01
2.862888e-08 2.994686e-08 2.748090e-08 1.572446e-09 1.373628e-09 1.198652e-09 1.820659e+01 2.180129e+01 2.292651e+01
2.861568e-08 2.994953e-08 2.741688e-08 1.573104e-09 1.370626e-09 1.193796e-09 1.819058e+01 2.185098e+01 2.296613e+01
4.000548e-08 4.186761e-08 3.833770e-08 2.199021e-09 1.916549e-09 1.669644e-09 1.819241e+01 2.184531e+01 2.296161e+01
4.804839e-08 5.028005e-08 4.606041e-08 2.640717e-09 2.302559e-09 2.006583e-09 1.819521e+01 2.183660e+01 2.295465e+01
5.758721e-08 6.027664e-08 5.515866e-08 3.166202e-09 2.757557e-09 2.401093e-09 1.818810e+01 2.185871e+01 2.297231e+01
6.369122e-08 6.667883e-08 6.096439e-08 3.502907e-09 3.047962e-09 2.652175e-09 1.818239e+01 2.187653e+01 2.298656e+01
6.166242e-08 6.456166e-08 5.900133e-08 3.391896e-09 2.949899e-09 2.565923e-09 1.817934e+01 2.188606e+01 2.299419e+01
4.897942e-08 5.129728e-08 4.681906e-08 2.695491e-09 2.341000e-09 2.034246e-09 1.817087e+01 2.191255e+01 2.301543e+01
